20
2 3 3 1 2 4 
0.661525837415129 2.425875175167106 4.4910649972735115 5.711935506302333 5.460781485234415 0.14699601589237898 
5 1 2 3 2 2 
1.9257156491475638 5.644276359091305 1.873797885072588 1.9719740342011303 0.70182321576853 2.2227319103269765 
3 4 1 1 3 3 
1.360062825981364 3.56639825361049 1.8592870715537235 5.108402237647283 2.766060268393116 3.583241699393834 
4 1 2 1 3 4 
4.723209399495132 5.701335502249879 2.014468487167222 6.275969050354358 4.7608717708908594 0.3155719649622862 
1 2 3 4 2 3 
5.007372628474289 1.2470754790824101 4.186324933545727 3.367997540471258 4.5719892771688935 0.19390698018872485 
2 3 5 2 1 2 
0.9279590618580184 0.7634931302683661 6.010212418137813 3.738734872962913 2.0189724994730556 4.823368080971876 
4 4 3 2 1 1 
2.480591663333795 1.2802367197283007 3.8439261848157225 6.065107560326424 4.102842619749397 4.160113344874788 
1 1 4 4 2 3 
1.1090881460080746 1.4630789270671398 2.8267796386898287 0.1987712744634632 1.6566676438228598 1.5512446418341475 
1 1 4 5 2 2 
5.352584301051336 3.6456897468307994 0.03400398413517285 3.364352879390026 2.9319230505805383 2.4127281942633543 
1 3 1 3 5 2 
1.1052533012194923 4.987303193369711 0.7450066141310385 0.8883833190710139 0.7631098050790133 1.231973604934556 
5 2 2 2 3 1 
0.5448284094770991 0.818773298330282 6.254587986047932 0.9261962571816561 2.4266612827720246 5.266976406826471 
1 4 1 3 5 1 
0.9429435746365727 2.9650162135173077 0.22974485152387086 3.4376299256906755 5.20358051819506 1.6879522010212338 
2 4 3 2 2 2 
5.053368850729544 3.0411227360979454 3.4864915554716087 3.0672366816897596 1.598431248820293 5.5635881683856825 
1 4 1 4 1 4 
0.49018087985253195 0.29070271912712925 3.4308425867959365 4.003750148315574 0.8749194588470081 1.573364775728526 
3 2 1 2 5 2 
1.8640107986581835 2.101383803885228 3.317262623626171 3.2642516389238856 4.746688350562614 1.4306728729741685 
3 5 1 1 2 3 
5.244483664105395 4.3263596537856905 3.0086020191610725 2.6045491707672874 2.01583570939082 0.6627844126121195 
1 3 5 3 2 1 
5.690453588354516 0.5788881683133931 1.3885876582186127 5.644355649830972 4.2297793813356295 2.2603035424166897 
4 3 1 1 2 4 
3.589122389997297 2.2647383050477012 1.3034828964594292 1.198150386484861 5.082316853543847 0.4944086211651792 
2 1 3 3 3 3 
3.03681245712932 2.2530237629298338 1.667420489206514 2.603420712152873 1.1128500347476709 5.670716952379197 
2 2 5 3 2 1 
0.9996775513704127 5.310781141128204 3.45816589162148 2.6487607376108318 0.9518023001495475 3.972358041147674 
